168	165	173
15	17	9
180	179	174
106	111	101
137	126	129
129	139	137
129	135	139
125	135	129
137	139	146
114	126	117
117	106	114
122	111	117
111	106	117
130	126	137
130	117	126
130	134	122
122	117	130
119	126	114
125	129	119
119	129	126
105	119	114
175	176	178
175	174	169
175	178	180
180	174	175
11	5	9
9	17	11
8	4	10
10	4	2
21	14	19
48	41	49
123	127	116
116	115	123
123	115	121
172	164	166
127	123	133
165	168	161
162	160	154
169	174	167
167	162	169
160	162	167
165	160	167
114	106	103
103	105	114
95	106	101
92	103	95
95	103	106
139	135	145
137	146	143
143	130	137
134	130	143
143	146	152
152	149	143
148	146	139
148	145	154
139	145	148
154	160	148
159	161	168
159	149	152
152	161	159
61	50	59
122	134	131
92	95	86
75	86	80
171	174	179
179	177	171
171	167	174
165	167	171
173	165	171
171	177	173
100	105	94
94	103	92
105	103	94
125	119	113
119	105	113
113	105	100
113	118	125
116	127	124
58	66	65
58	60	66
48	49	58
58	49	60
176	175	170
172	176	170
170	164	172
170	175	169
18	11	17
17	26	18
7	2	1
7	10	2
14	10	7
16	10	14
14	21	16
16	13	8
8	10	16
45	57	53
28	26	34
19	18	28
28	18	26
121	115	110
23	26	17
17	15	23
15	24	23
132	123	121
132	133	123
140	133	132
154	145	153
147	155	153
153	162	154
141	145	135
147	153	141
141	153	145
146	148	156
152	146	156
156	161	152
156	148	160
156	160	165
165	161	156
72	80	83
32	38	39
59	50	47
50	39	47
47	39	38
29	32	22
29	38	32
35	38	29
120	111	122
122	131	120
67	76	78
78	75	67
92	86	78
86	75	78
90	95	101
90	86	95
80	86	90
101	98	90
90	98	83
83	80	90
70	75	80
70	61	59
80	72	70
70	72	61
107	113	100
118	113	107
14	7	12
19	14	12
12	18	19
11	18	12
62	52	56
62	76	67
44	38	35
25	33	35
21	33	25
35	29	25
25	16	21
42	33	36
52	44	42
35	33	42
42	44	35
27	21	19
27	33	21
36	33	27
19	28	27
27	28	36
54	57	45
65	57	54
48	58	54
54	58	65
46	53	56
56	52	46
46	42	36
52	42	46
40	28	34
36	28	40
34	45	40
45	53	40
40	46	36
53	46	40
66	60	71
37	41	48
37	30	41
34	26	31
26	23	31
30	37	31
24	30	31
31	23	24
164	155	158
157	166	158
158	166	164
162	153	163
163	153	155
163	155	164
169	162	163
163	170	169
164	170	163
128	141	135
118	124	128
128	135	125
125	118	128
142	131	134
134	143	142
142	143	149
109	98	101
101	111	109
111	120	109
100	94	91
76	81	87
87	78	76
87	91	94
81	91	87
87	94	92
92	78	87
68	81	76
68	62	56
76	62	68
63	53	57
56	53	63
63	68	56
112	124	118
118	107	112
112	107	102
116	124	112
65	66	73
108	115	116
116	112	108
108	112	102
6	12	7
1	3	6
6	7	1
11	12	6
6	3	5
5	11	6
59	47	51
51	47	38
38	44	51
13	16	20
16	25	20
22	13	20
20	29	22
20	25	29
48	54	43
43	37	48
43	54	45
43	45	34
34	31	43
43	31	37
140	151	144
144	133	140
150	155	147
150	158	155
150	144	151
150	151	157
157	158	150
141	128	136
147	141	136
136	124	127
136	128	124
102	107	96
96	107	100
100	91	96
79	73	84
115	108	104
104	110	115
104	99	110
59	51	64
67	75	64
64	70	59
75	70	64
55	44	52
55	51	44
55	64	51
67	64	55
55	62	67
52	62	55
88	82	93
93	99	88
99	104	88
66	71	77
71	82	77
82	88	77
77	88	84
77	73	66
84	73	77
147	136	138
138	150	147
144	150	138
138	136	127
127	133	138
133	144	138
81	68	74
68	63	74
102	96	89
89	79	84
97	104	108
97	89	84
84	88	97
97	88	104
97	108	102
102	89	97
69	63	57
69	74	63
79	74	69
69	57	65
65	73	69
73	79	69
85	89	96
79	89	85
85	74	79
85	96	91
85	91	81
81	74	85