-2.00004578447002	-0.00237336012045457
-1.96240538754389	0.193148244189886
-1.96107630053626	-0.196717158693160
-1.86710435547983	0.358722551168250
-1.85983532342494	-0.367911839601643
-1.79584537208811	-0.130123942675139
-1.78541252428172	0.0726828006874826
-1.72680627236666	0.504605689874649
-1.71720162623424	-0.512764414509129
-1.71389559185054	0.266696738878964
-1.66099378456848	-0.286406891649198
-1.60462670530353	-0.0735759986078619
-1.56698642850607	0.621561775532427
-1.56659539409719	0.133481524285946
-1.54972936894293	-0.632313941610397
-1.53694469313246	0.375474852991083
-1.51480867806132	-0.413920912606495
-1.43561383118900	-0.218092600596961
-1.40566494126025	-0.0204409305989532
-1.40175488776283	0.526382789510290
-1.38659713983162	0.214392316990094
-1.36797739313324	0.729675079067580
-1.36249102737236	-0.537550605633147
-1.35760298101087	-0.734439156685957
-1.28440548115622	0.386028063309990
-1.28273475242649	-0.353191873197173
-1.24083057027543	0.0548667265653529
-1.20432356998965	-0.155483516438883
-1.19568670915047	0.597779309837230
-1.17941129796773	-0.807734443310597
-1.17435694871483	-0.561779739930760
-1.16747715005537	0.812000601551199
-1.15249352398830	0.229988021618475
-1.07908580437422	-0.351317870129124
-1.06811935372357	0.425245196053871
-1.04908185218935	0.0220250686486414
-1.02572458490514	-0.682831891592904
-0.991677056825590	0.631112896054159
-0.976524271151312	0.872820404663054
-0.973757985399415	-0.167354242325117
-0.969923086347121	-0.874718299376269
-0.951548943662318	0.221870946316008
-0.943802293961980	-0.509205866871772
-0.866512464191103	0.419777544734948
-0.845053349226989	-0.337617227424386
-0.844756620866562	0.0240364265442401
-0.831854071973100	0.740907154622176
-0.823724367882920	-0.711176589861613
-0.769368891652936	-0.923152594552504
-0.753545375900224	0.926487204869917
-0.747386233226134	0.572904466257026
-0.745210379992653	0.218834696652102
-0.743157714777206	-0.160905917386791
-0.727897966054963	-0.533882445148101
-0.637447055238058	0.394008099978615
-0.631144643693446	0.0242422656250149
-0.626592197371271	-0.355369481617165
-0.625799354188846	-0.747393564886425
-0.619344150877452	0.760709493404566
-0.569159771162319	-0.958734265861233
-0.538259044868580	0.963222367832265
-0.525026412338645	0.206891092473134
-0.524794964410944	-0.172721105012069
-0.524119262913316	0.580251968839643
-0.519877969343671	-0.562875439685598
-0.423015017427111	-0.774094675859672
-0.417950431893258	0.395610459918135
-0.416281823404684	0.0120699138165649
-0.415940103232497	-0.376760634542796
-0.413252763001907	0.783020820738726
-0.371458745865747	-0.982668160804153
-0.323261305184550	0.986948432498900
-0.312339772558286	-0.584655408424226
-0.312123667997466	-0.188633444090700
-0.311716649779461	0.593898589044576
-0.311203755413076	0.203208754815196
-0.214678284537147	-0.792002770983673
-0.207148580438131	0.400532220807896
-0.207051277964465	-0.393089016419996
-0.206798192869801	0.797383413625565
-0.206526804933489	0.00455246076714543
-0.180278605923708	-0.995991773115198
-0.107808490340047	0.998635455525049
-0.103878102763435	-0.598836287366558
-0.103508925709839	-0.197030500092392
-0.103495838253699	0.601193532060079
-0.103131571590653	0.202531186882918
-5.47292692567616e-07	-0.801675933314428
-3.41428743194650e-08	-0.399007216180621
8.04166918472182e-09	0.802154078015135
8.87343988426048e-09	0.00230449062453517
1.15287942407949e-08	0.402334703531727
9.06796574524096e-07	-1.00008631685282
0.103131593207492	0.202531172696763
0.103495858055279	0.601193527412063
0.103508917697614	-0.197030543498486
0.103877790252587	-0.598836456820240
0.107808502282001	0.998635455192811
0.180280036606552	-0.995991709907487
0.206526811809509	0.00455241652222763
0.206798207282934	0.797383409571831
0.207051168833819	-0.393089157131853
0.207148599970253	0.400532205306975
0.214677623873727	-0.792002937569078
0.311203766340776	0.203208720377976
0.311716665596609	0.593898576999339
0.312123625702175	-0.188633540121474
0.312339504451189	-0.584655579607834
0.323261314706877	0.986948431727285
0.371459511651496	-0.982668088445357
0.413252773619129	0.783020813587006
0.415939981152271	-0.376760754522811
0.416281807539432	0.0120698514470052
0.417950443515620	0.395610435761093
0.423014676511552	-0.774094720547430
0.519877780184407	-0.562875517843958
0.524119273414964	0.580251953099012
0.524794904908195	-0.172721185472941
0.525026409627706	0.206891051840595
0.538259051071083	0.963222366975805
0.569160196960101	-0.958734202051691
0.619344156653541	0.760709485274648
0.625799185878901	-0.747393574531600
0.626592095143926	-0.355369551276214
0.631144615171991	0.0242422108308236
0.637447059028547	0.394008073552339
0.727897841249112	-0.533882486257831
0.743157657925557	-0.160905971856754
0.745210368752551	0.218834657353668
0.747386239144778	0.572904452018084
0.753545378440767	0.926487203641439
0.769369139675728	-0.923152543126650
0.823724289461177	-0.711176592930898
0.831854073951353	0.740907150849004
0.844756592799293	0.0240363847451103
0.845053271851014	-0.337617270648886
0.866512460294510	0.419777519117441
0.943802216333409	-0.509205882798074
0.951548930960277	0.221870918669390
0.969923237970512	-0.874718256696436
0.973757939816551	-0.167354281033592
0.976524272691480	0.872820404237579
0.991677055203469	0.631112886433449
1.02572454189018	-0.682831868432343
1.04908182836656	0.0220250423954000
1.06811934659730	0.425245182135287
1.07908575559944	-0.351317897673243
1.15249351184108	0.229988006203247
1.16747714954544	0.812000602169548
1.17435692361339	-0.561779744330104
1.17941138087414	-0.807734412809278
1.19568670524016	0.597779304589325
1.20432353821859	-0.155483534635366
1.24083055024819	0.0548667100920883
1.28273472299035	-0.353191876884493
1.28440547483544	0.386028055415344
1.35760303154069	-0.734439133289242
1.36249101057728	-0.537550599701295
1.36797739117422	0.729675079604628
1.38659712791718	0.214392305039014
1.40175488322305	0.526382788130295
1.40566492351225	-0.0204409407041516
1.43561381185677	-0.218092607561386
1.51480866471890	-0.413920912843711
1.53694468626885	0.375474849027018
1.54972939517530	-0.632313925813001
1.56659538627038	0.133481519710872
1.56698642643017	0.621561776819768
1.60462669335442	-0.0735760028053812
1.66099377540495	-0.286406892520174
1.71389558837386	0.266696738254385
1.71720163921314	-0.512764403073794
1.72680627020451	0.504605691159426
1.78541251900487	0.0726827989572512
1.79584536718741	-0.130123942559405
1.85983533024021	-0.367911830274505
1.86710435418631	0.358722554014726
1.96107630484635	-0.196717148264354
1.96240538595170	0.193148248156359
2.00004578557270	-0.00237335255733095