32	1	33
33	1	3
9	2	35
35	2	11
17	10	36
36	10	19
25	18	37
37	18	26
32	33	38
32	38	31
9	35	39
9	39	8
17	36	40
17	40	16
36	19	41
41	19	20
35	11	42
42	11	12
33	3	43
43	3	4
25	37	44
25	44	24
37	26	45
45	26	27
31	38	46
31	46	30
42	12	47
47	12	13
24	44	48
24	48	23
43	4	49
49	4	5
45	27	50
50	27	28
41	20	51
51	20	21
8	39	52
8	52	7
16	40	53
16	53	15
30	46	54
30	54	29
15	53	55
15	55	14
50	28	34
34	28	29
47	13	57
57	13	14
23	48	56
23	56	22
7	52	59
7	59	6
49	5	58
58	5	6
51	21	61
61	21	22
34	29	54
58	6	59
61	22	56
14	55	57
36	41	40
35	42	39
38	33	43
44	37	45
46	38	60
60	38	43
43	49	63
43	63	60
49	58	64
49	64	63
54	46	65
65	46	60
48	44	66
66	44	45
45	50	67
45	67	66
50	34	68
50	68	67
56	48	69
69	48	66
41	51	70
41	70	40
53	40	71
71	40	70
55	53	72
72	53	71
51	61	73
51	73	70
42	47	74
42	74	39
52	39	75
75	39	74
59	52	76
76	52	75
47	57	77
47	77	74
68	34	54
54	65	68
64	58	59
59	76	64
77	57	55
55	72	77
73	61	78
78	61	56
56	69	78
60	63	79
60	79	65
63	64	79
69	66	80
80	66	67
67	68	80
70	73	81
70	81	71
72	71	81
74	77	82
74	82	75
76	75	82
82	77	83
83	77	72
72	81	84
72	84	83
73	78	85
73	85	81
78	69	86
78	86	85
69	80	86
65	79	87
65	87	68
80	68	88
88	68	87
79	64	89
89	64	76
76	82	62
76	62	89
84	81	85
80	88	86
79	89	87
62	82	83
88	87	90
90	87	89
89	62	90
83	84	90
83	90	62
85	86	90
90	86	88
85	90	84