-1.0000	-1.0000
1.0000	-1.0000
-0.7500	-1.0000
-0.5000	-1.0000
-0.2500	-1.0000
0	-1.0000
0.2500	-1.0000
0.5000	-1.0000
0.7500	-1.0000
1.0000	1.0000
1.0000	-0.7500
1.0000	-0.5000
1.0000	-0.2500
1.0000	0
1.0000	0.2500
1.0000	0.5000
1.0000	0.7500
-1.0000	1.0000
0.7500	1.0000
0.5000	1.0000
0.2500	1.0000
0	1.0000
-0.2500	1.0000
-0.5000	1.0000
-0.7500	1.0000
-1.0000	0.7500
-1.0000	0.5000
-1.0000	0.2500
-1.0000	0
-1.0000	-0.2500
-1.0000	-0.5000
-1.0000	-0.7500
-0.8253	-0.8245
-0.8145	0.1150
0.8265	-0.8198
0.8259	0.8261
-0.8263	0.8239
-0.7931	-0.6082
0.5986	-0.7436
0.7595	0.5960
0.6133	0.7971
0.7997	-0.5994
-0.5951	-0.7592
-0.6144	0.7928
-0.7613	0.5900
-0.7806	-0.3565
0.7992	-0.3488
-0.3709	0.7835
-0.3377	-0.7930
-0.7838	0.3241
0.3690	0.7881
0.3313	-0.7627
0.7773	0.3283
-0.7761	-0.1004
0.7829	0.0769
-0.1245	0.7783
0.8308	-0.1340
-0.1280	-0.8247
0.0822	-0.7721
-0.5749	-0.4824
0.1224	0.7803
0.1528	-0.2264
-0.3941	-0.5984
-0.1396	-0.5853
-0.5485	-0.2106
-0.4959	0.5753
-0.5960	0.3813
-0.5533	0.1042
-0.2483	0.5561
0.4926	0.5871
0.5894	0.4025
0.5331	0.1513
0.2453	0.5649
0.5968	-0.4511
0.4088	-0.5583
0.1553	-0.5036
0.5989	-0.1520
-0.0010	0.5525
-0.3328	-0.3732
-0.3808	0.3407
0.3744	0.3631
0.3741	-0.3218
0.3241	-0.0583
0.2690	0.1565
0.1238	0.3251
-0.1222	0.3174
-0.2922	-0.0988
-0.2663	0.1327
-0.0740	-0.2911
0.0113	0.0295